{
  "metadata": {
    "date": "2026-03-30T02:57:55Z",
    "python_version": "3.14.2",
    "numpy_version": "2.4.2",
    "scipy_version": "1.17.1",
    "system": "2D_Heisenberg_AFM",
    "lattice": "4x4_OBC",
    "coupling": "J=1.0 antiferromagnetic",
    "convention": "H=(J/2)sigma.sigma, SLD Fisher metric, g_F=4*g_Bures"
  },
  "ground_state": {
    "E0_obc": -18.378414130385906,
    "E0_per_bond_obc": -0.765767255432746,
    "E0_per_site_obc": -1.1486508831491191,
    "n_bonds_obc": 24,
    "E0_pbc": -22.456966416857682,
    "E0_per_bond_pbc": -0.7017802005268026,
    "E0_per_site_pbc": -1.4035604010536051,
    "n_bonds_pbc": 32
  },
  "correlation_matrix": [
    [
      0.75,
      -0.46184875558800265,
      0.16883126786954514,
      -0.15492509156917295,
      -0.46184875558800265,
      0.23040938301486968,
      -0.167605266808649,
      0.12473748821193759,
      0.1688312678695451,
      -0.16760526680864896,
      0.12435714604596493,
      -0.11207316326231816,
      -0.15492509156917303,
      0.12473748821193763,
      -0.11207316326231817,
      0.1010005132324853
    ],
    [
      -0.46184875558800265,
      0.75,
      -0.31377188180163695,
      0.1688312678695451,
      0.2261023545010816,
      -0.380182841577834,
      0.1905211832442224,
      -0.15512058554475344,
      -0.1551205855447534,
      0.15892764589923686,
      -0.1393049771402499,
      0.11605347301820637,
      0.1247374882119376,
      -0.12900660689448806,
      0.11125598460980632,
      -0.11207316326231821
    ],
    [
      0.16883126786954514,
      -0.31377188180163695,
      0.75,
      -0.46184875558800254,
      -0.15512058554475347,
      0.19052118324422238,
      -0.38018284157783405,
      0.2261023545010816,
      0.11605347301820637,
      -0.1393049771402499,
      0.15892764589923689,
      -0.15512058554475347,
      -0.11207316326231821,
      0.11125598460980635,
      -0.129006606894488,
      0.12473748821193761
    ],
    [
      -0.15492509156917295,
      0.1688312678695451,
      -0.46184875558800254,
      0.75,
      0.12473748821193757,
      -0.16760526680864896,
      0.23040938301486968,
      -0.4618487555880028,
      -0.11207316326231817,
      0.12435714604596496,
      -0.167605266808649,
      0.16883126786954517,
      0.1010005132324853,
      -0.1120731632623182,
      0.12473748821193759,
      -0.15492509156917303
    ],
    [
      -0.46184875558800265,
      0.2261023545010816,
      -0.15512058554475347,
      0.12473748821193757,
      0.75,
      -0.380182841577834,
      0.15892764589923689,
      -0.129006606894488,
      -0.31377188180163684,
      0.19052118324422235,
      -0.13930497714024986,
      0.11125598460980632,
      0.16883126786954514,
      -0.15512058554475344,
      0.11605347301820637,
      -0.11207316326231821
    ],
    [
      0.23040938301486968,
      -0.380182841577834,
      0.19052118324422238,
      -0.16760526680864896,
      -0.380182841577834,
      0.75,
      -0.2994666901649315,
      0.15892764589923686,
      0.19052118324422232,
      -0.29946669016493144,
      0.16945536403557518,
      -0.13930497714024986,
      -0.16760526680864896,
      0.15892764589923686,
      -0.13930497714024986,
      0.12435714604596494
    ],
    [
      -0.167605266808649,
      0.1905211832442224,
      -0.38018284157783405,
      0.23040938301486968,
      0.15892764589923689,
      -0.2994666901649315,
      0.75,
      -0.38018284157783383,
      -0.13930497714024986,
      0.16945536403557515,
      -0.2994666901649313,
      0.19052118324422232,
      0.12435714604596493,
      -0.1393049771402499,
      0.15892764589923683,
      -0.1676052668086489
    ],
    [
      0.12473748821193759,
      -0.15512058554475344,
      0.2261023545010816,
      -0.4618487555880028,
      -0.129006606894488,
      0.15892764589923686,
      -0.38018284157783383,
      0.75,
      0.1112559846098063,
      -0.13930497714024986,
      0.19052118324422232,
      -0.31377188180163695,
      -0.11207316326231817,
      0.11605347301820637,
      -0.15512058554475336,
      0.1688312678695451
    ],
    [
      0.1688312678695451,
      -0.1551205855447534,
      0.11605347301820637,
      -0.11207316326231817,
      -0.31377188180163684,
      0.19052118324422232,
      -0.13930497714024986,
      0.1112559846098063,
      0.75,
      -0.380182841577834,
      0.15892764589923686,
      -0.12900660689448795,
      -0.4618487555880028,
      0.2261023545010816,
      -0.15512058554475341,
      0.12473748821193759
    ],
    [
      -0.16760526680864896,
      0.15892764589923686,
      -0.1393049771402499,
      0.12435714604596496,
      0.19052118324422235,
      -0.29946669016493144,
      0.16945536403557515,
      -0.13930497714024986,
      -0.380182841577834,
      0.75,
      -0.29946669016493144,
      0.15892764589923689,
      0.23040938301486968,
      -0.3801828415778341,
      0.1905211832442224,
      -0.167605266808649
    ],
    [
      0.12435714604596493,
      -0.1393049771402499,
      0.15892764589923689,
      -0.167605266808649,
      -0.13930497714024986,
      0.16945536403557518,
      -0.2994666901649313,
      0.19052118324422232,
      0.15892764589923686,
      -0.29946669016493144,
      0.75,
      -0.3801828415778341,
      -0.16760526680864896,
      0.1905211832442224,
      -0.380182841577834,
      0.23040938301486974
    ],
    [
      -0.11207316326231816,
      0.11605347301820637,
      -0.15512058554475347,
      0.16883126786954517,
      0.11125598460980632,
      -0.13930497714024986,
      0.19052118324422232,
      -0.31377188180163695,
      -0.12900660689448795,
      0.15892764589923689,
      -0.3801828415778341,
      0.75,
      0.12473748821193757,
      -0.15512058554475347,
      0.22610235450108157,
      -0.46184875558800265
    ],
    [
      -0.15492509156917303,
      0.1247374882119376,
      -0.11207316326231821,
      0.1010005132324853,
      0.16883126786954514,
      -0.16760526680864896,
      0.12435714604596493,
      -0.11207316326231817,
      -0.4618487555880028,
      0.23040938301486968,
      -0.16760526680864896,
      0.12473748821193757,
      0.75,
      -0.4618487555880026,
      0.1688312678695451,
      -0.15492509156917295
    ],
    [
      0.12473748821193763,
      -0.12900660689448806,
      0.11125598460980635,
      -0.1120731632623182,
      -0.15512058554475344,
      0.15892764589923686,
      -0.1393049771402499,
      0.11605347301820637,
      0.2261023545010816,
      -0.3801828415778341,
      0.1905211832442224,
      -0.15512058554475347,
      -0.4618487555880026,
      0.75,
      -0.31377188180163695,
      0.16883126786954517
    ],
    [
      -0.11207316326231817,
      0.11125598460980632,
      -0.129006606894488,
      0.12473748821193759,
      0.11605347301820637,
      -0.13930497714024986,
      0.15892764589923683,
      -0.15512058554475336,
      -0.15512058554475341,
      0.1905211832442224,
      -0.380182841577834,
      0.22610235450108157,
      0.1688312678695451,
      -0.31377188180163695,
      0.75,
      -0.46184875558800265
    ],
    [
      0.1010005132324853,
      -0.11207316326231821,
      0.12473748821193761,
      -0.15492509156917303,
      -0.11207316326231821,
      0.12435714604596494,
      -0.1676052668086489,
      0.1688312678695451,
      0.12473748821193759,
      -0.167605266808649,
      0.23040938301486974,
      -0.46184875558800265,
      -0.15492509156917295,
      0.16883126786954517,
      -0.46184875558800265,
      0.75
    ]
  ],
  "staggered_structure_factor": {
    "S_pipi": 3.7294414502738436,
    "ms2": 0.23309009064211522,
    "sign_fraction": 1.0
  },
  "sublattice_rho_comparison": {
    "adjacent_bond_mean_td": 0.1143965125996344,
    "adjacent_bond_max_td": 0.14807687378636641,
    "mean_pairwise_AB_td": 0.06978560824858257,
    "n_A": 6,
    "n_B": 6,
    "adjacent_bonds": [
      {
        "pos_left": [
          0,
          0
        ],
        "pos_right": [
          1,
          0
        ],
        "sublattice_left": "A",
        "sublattice_right": "B",
        "trace_distance": 0.14807687378636586
      },
      {
        "pos_left": [
          1,
          0
        ],
        "pos_right": [
          2,
          0
        ],
        "sublattice_left": "B",
        "sublattice_right": "A",
        "trace_distance": 0.14807687378636641
      },
      {
        "pos_left": [
          0,
          1
        ],
        "pos_right": [
          1,
          1
        ],
        "sublattice_left": "B",
        "sublattice_right": "A",
        "trace_distance": 0.08071615141290303
      },
      {
        "pos_left": [
          1,
          1
        ],
        "pos_right": [
          2,
          1
        ],
        "sublattice_left": "A",
        "sublattice_right": "B",
        "trace_distance": 0.08071615141290314
      },
      {
        "pos_left": [
          0,
          2
        ],
        "pos_right": [
          1,
          2
        ],
        "sublattice_left": "A",
        "sublattice_right": "B",
        "trace_distance": 0.0807161514129025
      },
      {
        "pos_left": [
          1,
          2
        ],
        "pos_right": [
          2,
          2
        ],
        "sublattice_left": "B",
        "sublattice_right": "A",
        "trace_distance": 0.08071615141290259
      },
      {
        "pos_left": [
          0,
          3
        ],
        "pos_right": [
          1,
          3
        ],
        "sublattice_left": "B",
        "sublattice_right": "A",
        "trace_distance": 0.14807687378636586
      },
      {
        "pos_left": [
          1,
          3
        ],
        "pos_right": [
          2,
          3
        ],
        "sublattice_left": "A",
        "sublattice_right": "B",
        "trace_distance": 0.1480768737863658
      }
    ]
  },
  "fisher_metric_profile": {
    "horizontal_y1": {
      "sweep": "1x2_horizontal",
      "y_fixed": 1,
      "g_profile": [
        [
          1,
          3.514529286947881e-31
        ]
      ],
      "note": "Only 1 interior point (x=1) which is the x->3-x reflection center, giving g~0"
    },
    "horizontal_y0": {
      "sweep": "1x2_horizontal",
      "y_fixed": 0,
      "g_profile": [
        [
          1,
          4.504996831858121e-31
        ]
      ]
    },
    "vertical_x1": {
      "sweep": "1x2_vertical",
      "x_fixed": 1,
      "g_profile": [
        [
          1,
          1.1334571133863403e-30
        ]
      ]
    },
    "plaquette_y1": {
      "sweep": "2x2_plaquette",
      "y_fixed": 1,
      "g_profile": [
        [
          1,
          0.00047622344475232173
        ]
      ],
      "g_mean": 0.00047622344475232173,
      "g_max": 0.00047622344475232173,
      "note": "Primary Fisher metric measure: 2x2 plaquette avoids reflection symmetry zero"
    },
    "bures_crosscheck": {
      "x": 1,
      "fidelity": 0.9994179016856369,
      "ds2_bures": 0.0005821830486385515,
      "g_bures": 0.00014554576215963788,
      "g_sld_predicted": 0.0005821830486385515,
      "g_sld_actual": 0.00047622344475232173,
      "relative_error": 0.22249976361692597,
      "cross_check_pass": true
    },
    "comparison_1d_vs_2d": {
      "g_bulk_1d_n16": 0.00012259275286279387,
      "g_2d_plaquette_mean": 0.00047622344475232173,
      "g_2d_plaquette_max": 0.00047622344475232173,
      "ratio_2d_over_1d": 3.884597038825878,
      "supports_neel_rescue": true
    },
    "eigenvalue_positivity": true
  },
  "verification": {
    "diagonal_C_ii_eq_3_4": true,
    "singlet_row_sum_zero": 4.996003610813204e-16,
    "staggered_order_above_threshold": true,
    "sublattice_asymmetry_detected": true,
    "fisher_positive_interior_plaquette": true,
    "fisher_positive_interior": true,
    "bures_crosscheck_pass": true
  }
}